dt_name&name&dt_notation
DT Name&Name&DT Notation
7a_7&7_1&[8,10,12,14,2,4,6]
7a_4&7_2&[4,10,14,12,2,8,6]
7a_5&7_3&[6,10,12,14,2,4,8]
7a_6&7_4&[6,10,12,14,4,2,8]
7a_3&7_5&[4,10,12,14,2,8,6]
7a_2&7_6&[4,8,12,2,14,6,10]
7a_1&7_7&[4,8,10,12,2,14,6]
8a_11&8_1&[4,10,16,14,12,2,8,6]
8a_8&8_2&[4,10,12,14,16,2,6,8]
8a_18&8_3&[6,12,10,16,14,4,2,8]
8a_17&8_4&[6,10,12,16,14,4,2,8]
8a_13&8_5&[6,8,12,2,14,16,4,10]
8a_10&8_6&[4,10,14,16,12,2,8,6]
8a_6&8_7&[4,10,12,14,2,16,6,8]
8a_4&8_8&[4,8,12,2,16,14,6,10]
8a_16&8_9&[6,10,12,14,16,4,2,8]
8a_3&8_10&[4,8,12,2,14,16,6,10]
8a_9&8_11&[4,10,12,14,16,2,8,6]
8a_5&8_12&[4,8,14,10,2,16,6,12]
8a_7&8_13&[4,10,12,14,2,16,8,6]
8a_1&8_14&[4,8,10,14,2,16,6,12]
8a_2&8_15&[4,8,12,2,14,6,16,10]
8a_15&8_16&[6,8,14,12,4,16,2,10]
8a_14&8_17&[6,8,12,14,4,16,2,10]
8a_12&8_18&[6,8,10,12,14,16,2,4]
8n_3&8_19&[4,8,-12,2,-14,-16,-6,-10]
8n_1&8_20&[4,8,-12,2,-14,-6,-16,-10]
8n_2&8_21&[4,8,-12,2,14,-6,16,10]
9a_41&9_1&[10,12,14,16,18,2,4,6,8]
9a_27&9_2&[4,12,18,16,14,2,10,8,6]
9a_38&9_3&[8,12,14,16,18,2,4,6,10]
9a_35&9_4&[6,12,14,18,16,2,4,10,8]
9a_36&9_5&[6,12,14,18,16,4,2,10,8]
9a_23&9_6&[4,12,14,16,18,2,10,6,8]
9a_26&9_7&[4,12,16,18,14,2,10,8,6]
9a_8&9_8&[4,8,14,2,18,16,6,12,10]
9a_33&9_9&[6,12,14,16,18,2,4,10,8]
9a_39&9_10&[8,12,14,16,18,2,6,4,10]
9a_20&9_11&[4,10,14,16,12,2,18,6,8]
9a_22&9_12&[4,10,16,14,2,18,8,6,12]
9a_34&9_13&[6,12,14,16,18,4,2,10,8]
9a_17&9_14&[4,10,12,16,14,2,18,8,6]
9a_10&9_15&[4,8,14,10,2,18,16,6,12]
9a_25&9_16&[4,12,16,18,14,2,8,10,6]
9a_14&9_17&[4,10,12,14,16,2,6,18,8]
9a_24&9_18&[4,12,14,16,18,2,10,8,6]
9a_3&9_19&[4,8,10,14,2,18,16,6,12]
9a_19&9_20&[4,10,14,16,2,18,8,6,12]
9a_21&9_21&[4,10,14,16,12,2,18,8,6]
9a_2&9_22&[4,8,10,14,2,16,18,6,12]
9a_16&9_23&[4,10,12,16,2,8,18,6,14]
9a_7&9_24&[4,8,14,2,16,18,6,12,10]
9a_4&9_25&[4,8,12,2,16,6,18,10,14]
9a_15&9_26&[4,10,12,14,16,2,18,8,6]
9a_12&9_27&[4,10,12,14,2,18,16,6,8]
9a_5&9_28&[4,8,12,2,16,14,6,18,10]
9a_31&9_29&[6,10,14,18,4,16,8,2,12]
9a_1&9_30&[4,8,10,14,2,16,6,18,12]
9a_13&9_31&[4,10,12,14,2,18,16,8,6]
9a_6&9_32&[4,8,12,14,2,16,18,10,6]
9a_11&9_33&[4,8,14,12,2,16,18,10,6]
9a_28&9_34&[6,8,10,16,14,18,4,2,12]
9a_40&9_35&[8,12,16,14,18,4,2,6,10]
9a_9&9_36&[4,8,14,10,2,16,18,6,12]
9a_18&9_37&[4,10,14,12,16,2,6,18,8]
9a_30&9_38&[6,10,14,18,4,16,2,8,12]
9a_32&9_39&[6,10,14,18,16,2,8,4,12]
9a_37&9_40&[6,16,14,12,4,2,18,10,8]
9a_29&9_41&[6,10,14,12,16,2,18,4,8]
9n_4&9_42&[4,8,10,-14,2,-16,-18,-6,-12]
9n_3&9_43&[4,8,10,14,2,-16,6,-18,-12]
9n_1&9_44&[4,8,10,-14,2,-16,-6,-18,-12]
9n_2&9_45&[4,8,10,-14,2,16,-6,18,12]
9n_5&9_46&[4,10,-14,-12,-16,2,-6,-18,-8]
9n_7&9_47&[6,8,10,16,14,-18,4,2,-12]
9n_6&9_48&[4,10,-14,-12,16,2,-6,18,8]
9n_8&9_49&[6,-10,-14,12,-16,-2,18,-4,-8]
10a_75&10_1&[4,12,20,18,16,14,2,10,8,6]
10a_59&10_2&[4,12,14,16,18,20,2,6,8,10]
10a_117&10_3&[6,14,12,20,18,16,4,2,10,8]
10a_113&10_4&[6,12,14,20,18,16,4,2,10,8]
10a_56&10_5&[4,12,14,16,18,2,20,6,8,10]
10a_70&10_6&[4,12,16,18,20,14,2,10,6,8]
10a_65&10_7&[4,12,14,18,16,20,2,10,8,6]
10a_114&10_8&[6,14,12,16,18,20,4,2,8,10]
10a_110&10_9&[6,12,14,16,18,20,4,2,8,10]
10a_64&10_10&[4,12,14,18,16,2,20,10,8,6]
10a_116&10_11&[6,14,12,18,20,16,4,2,10,8]
10a_43&10_12&[4,10,14,16,2,20,18,6,8,12]
10a_54&10_13&[4,10,18,16,12,2,20,8,6,14]
10a_33&10_14&[4,10,12,16,18,2,20,6,8,14]
10a_68&10_15&[4,12,16,18,14,2,10,20,6,8]
10a_115&10_16&[6,14,12,16,18,20,4,2,10,8]
10a_107&10_17&[6,12,14,16,18,2,4,20,8,10]
10a_63&10_18&[4,12,14,18,16,2,10,20,8,6]
10a_108&10_19&[6,12,14,16,18,2,4,20,10,8]
10a_74&10_20&[4,12,18,20,16,14,2,10,8,6]
10a_60&10_21&[4,12,14,16,18,20,2,6,10,8]
10a_112&10_22&[6,12,14,18,20,16,4,2,10,8]
10a_57&10_23&[4,12,14,16,18,2,20,6,10,8]
10a_71&10_24&[4,12,16,18,20,14,2,10,8,6]
10a_61&10_25&[4,12,14,16,18,20,2,10,8,6]
10a_111&10_26&[6,12,14,16,18,20,4,2,10,8]
10a_58&10_27&[4,12,14,16,18,2,20,10,8,6]
10a_44&10_28&[4,10,14,16,2,20,18,8,6,12]
10a_53&10_29&[4,10,16,18,12,2,20,8,6,14]
10a_34&10_30&[4,10,12,16,18,2,20,8,6,14]
10a_69&10_31&[4,12,16,18,14,2,10,20,8,6]
10a_55&10_32&[4,12,14,16,18,2,10,20,8,6]
10a_109&10_33&[6,12,14,16,18,4,2,20,10,8]
10a_19&10_34&[4,8,14,2,20,18,16,6,12,10]
10a_23&10_35&[4,8,16,10,2,20,18,6,14,12]
10a_5&10_36&[4,8,10,16,2,20,18,6,14,12]
10a_49&10_37&[4,10,16,12,2,8,20,18,6,14]
10a_29&10_38&[4,10,12,16,2,8,20,18,6,14]
10a_26&10_39&[4,10,12,14,18,2,6,20,8,16]
10a_30&10_40&[4,10,12,16,2,20,6,18,8,14]
10a_35&10_41&[4,10,12,16,20,2,8,18,6,14]
10a_31&10_42&[4,10,12,16,2,20,8,18,6,14]
10a_52&10_43&[4,10,16,14,2,20,8,18,6,12]
10a_32&10_44&[4,10,12,16,14,2,20,18,8,6]
10a_25&10_45&[4,10,12,14,16,2,20,18,8,6]
10a_81&10_46&[6,8,14,2,16,18,20,4,10,12]
10a_15&10_47&[4,8,14,2,16,18,20,6,10,12]
10a_79&10_48&[6,8,14,2,16,18,4,20,10,12]
10a_13&10_49&[4,8,14,2,16,18,6,20,10,12]
10a_82&10_50&[6,8,14,2,16,18,20,4,12,10]
10a_16&10_51&[4,8,14,2,16,18,20,6,12,10]
10a_80&10_52&[6,8,14,2,16,18,4,20,12,10]
10a_14&10_53&[4,8,14,2,16,18,6,20,12,10]
10a_48&10_54&[4,10,16,12,2,8,18,20,6,14]
10a_9&10_55&[4,8,12,2,16,6,20,18,10,14]
10a_28&10_56&[4,10,12,16,2,8,18,20,6,14]
10a_6&10_57&[4,8,12,2,14,18,6,20,10,16]
10a_20&10_58&[4,8,14,10,2,18,6,20,12,16]
10a_2&10_59&[4,8,10,14,2,18,6,20,12,16]
10a_1&10_60&[4,8,10,14,2,16,18,6,20,12]
10a_123&10_61&[8,10,16,14,2,18,20,6,4,12]
10a_41&10_62&[4,10,14,16,2,18,20,6,8,12]
10a_51&10_63&[4,10,16,14,2,18,8,6,20,12]
10a_122&10_64&[8,10,14,16,2,18,20,6,4,12]
10a_42&10_65&[4,10,14,16,2,18,20,8,6,12]
10a_40&10_66&[4,10,14,16,2,18,8,6,20,12]
10a_37&10_67&[4,10,14,12,18,2,6,20,8,16]
10a_67&10_68&[4,12,16,14,18,2,20,6,10,8]
10a_38&10_69&[4,10,14,12,18,2,16,6,20,8]
10a_22&10_70&[4,8,16,10,2,18,20,6,14,12]
10a_10&10_71&[4,8,12,2,18,14,6,20,10,16]
10a_4&10_72&[4,8,10,16,2,18,20,6,14,12]
10a_3&10_73&[4,8,10,14,2,18,16,6,20,12]
10a_62&10_74&[4,12,14,16,20,18,2,8,6,10]
10a_27&10_75&[4,10,12,14,18,2,16,6,20,8]
10a_73&10_76&[4,12,18,20,14,16,2,10,8,6]
10a_18&10_77&[4,8,14,2,18,20,16,6,12,10]
10a_17&10_78&[4,8,14,2,18,16,6,12,20,10]
10a_78&10_79&[6,8,12,2,16,4,18,20,10,14]
10a_8&10_80&[4,8,12,2,16,6,18,20,10,14]
10a_7&10_81&[4,8,12,2,16,6,18,10,20,14]
10a_83&10_82&[6,8,14,16,4,18,20,2,10,12]
10a_87&10_83&[6,8,16,14,4,18,20,2,12,10]
10a_50&10_84&[4,10,16,14,2,8,18,20,12,6]
10a_86&10_85&[6,8,16,14,4,18,20,2,10,12]
10a_84&10_86&[6,8,14,16,4,18,20,2,12,10]
10a_39&10_87&[4,10,14,16,2,8,18,20,12,6]
10a_11&10_88&[4,8,12,14,2,16,20,18,10,6]
10a_21&10_89&[4,8,14,12,2,16,20,18,10,6]
10a_92&10_90&[6,10,14,2,16,20,18,8,4,12]
10a_106&10_91&[6,10,20,14,16,18,4,8,2,12]
10a_46&10_92&[4,10,14,18,2,16,8,20,12,6]
10a_101&10_93&[6,10,16,20,14,4,18,2,12,8]
10a_91&10_94&[6,10,14,2,16,18,20,8,4,12]
10a_47&10_95&[4,10,14,18,2,16,20,8,12,6]
10a_24&10_96&[4,8,18,12,2,16,20,6,10,14]
10a_12&10_97&[4,8,12,18,2,16,20,6,10,14]
10a_96&10_98&[6,10,14,18,2,16,20,4,8,12]
10a_103&10_99&[6,10,18,14,2,16,20,8,4,12]
10a_104&10_100&[6,10,18,14,16,4,20,8,2,12]
10a_45&10_101&[4,10,14,18,2,16,6,20,8,12]
10a_97&10_102&[6,10,14,18,16,4,20,2,8,12]
10a_105&10_103&[6,10,18,16,14,4,20,8,2,12]
10a_118&10_104&[6,16,12,14,18,4,20,2,8,10]
10a_72&10_105&[4,12,16,20,18,2,8,6,10,14]
10a_95&10_106&[6,10,14,16,18,4,20,2,8,12]
10a_66&10_107&[4,12,16,14,18,2,8,20,10,6]
10a_119&10_108&[6,16,12,14,18,4,20,2,10,8]
10a_93&10_109&[6,10,14,16,2,18,4,20,8,12]
10a_100&10_110&[6,10,16,20,14,2,18,4,8,12]
10a_98&10_111&[6,10,16,14,2,18,8,20,4,12]
10a_76&10_112&[6,8,10,14,16,18,20,2,4,12]
10a_36&10_113&[4,10,14,12,2,16,18,20,8,6]
10a_77&10_114&[6,8,10,14,16,20,18,2,4,12]
10a_94&10_115&[6,10,14,16,4,18,2,20,12,8]
10a_120&10_116&[6,16,18,14,2,4,20,8,10,12]
10a_99&10_117&[6,10,16,14,18,4,20,2,12,8]
10a_88&10_118&[6,8,18,14,16,4,20,2,10,12]
10a_85&10_119&[6,8,14,18,16,4,20,10,2,12]
10a_102&10_120&[6,10,18,12,4,16,20,8,2,14]
10a_90&10_121&[6,10,12,20,18,16,8,2,4,14]
10a_89&10_122&[6,10,12,14,18,16,20,2,4,8]
10a_121&10_123&[8,10,12,14,16,18,20,2,4,6]
10n_21&10_124&[4,8,-14,2,-16,-18,-20,-6,-10,-12]
10n_15&10_125&[4,8,14,2,-16,-18,6,-20,-10,-12]
10n_17&10_126&[4,8,-14,2,-16,-18,-6,-20,-10,-12]
10n_16&10_127&[4,8,-14,2,16,18,-6,20,10,12]
10n_22&10_128&[4,8,-14,2,-16,-18,-20,-6,-12,-10]
10n_18&10_129&[4,8,14,2,-16,-18,6,-20,-12,-10]
10n_20&10_130&[4,8,-14,2,-16,-18,-6,-20,-12,-10]
10n_19&10_131&[4,8,-14,2,16,18,-6,20,12,10]
10n_13&10_132&[4,8,-12,2,-16,-6,-20,-18,-10,-14]
10n_4&10_133&[4,8,12,2,-14,-18,6,-20,-10,-16]
10n_6&10_134&[4,8,-12,2,-14,-18,-6,-20,-10,-16]
10n_5&10_135&[4,8,-12,2,14,18,-6,20,10,16]
10n_3&10_136&[4,8,10,-14,2,-18,-6,-20,-12,-16]
10n_2&10_137&[4,8,10,-14,2,-16,-18,-6,-20,-12]
10n_1&10_138&[4,8,10,-14,2,16,18,-6,20,12]
10n_27&10_139&[4,10,-14,-16,2,-18,-20,-6,-8,-12]
10n_29&10_140&[4,10,-14,-16,2,18,20,-8,-6,12]
10n_25&10_141&[4,10,-14,-16,2,18,-8,-6,20,12]
10n_30&10_142&[4,10,-14,-16,2,-18,-20,-8,-6,-12]
10n_26&10_143&[4,10,-14,-16,2,-18,-8,-6,-20,-12]
10n_28&10_144&[4,10,14,16,2,-18,-20,8,6,-12]
10n_14&10_145&[4,8,-12,-18,2,-16,-20,-6,-10,-14]
10n_23&10_146&[4,8,-18,-12,2,-16,-20,-6,-10,-14]
10n_24&10_147&[4,10,-14,12,2,16,18,-20,8,-6]
10n_12&10_148&[4,8,-12,2,-16,-6,-18,-20,-10,-14]
10n_11&10_149&[4,8,-12,2,16,-6,18,20,10,14]
10n_9&10_150&[4,8,-12,2,-16,-6,-18,-10,-20,-14]
10n_8&10_151&[4,8,-12,2,16,-6,18,10,20,14]
10n_36&10_152&[6,8,12,2,-16,4,-18,-20,-10,-14]
10n_10&10_153&[4,8,12,2,-16,6,-18,-20,-10,-14]
10n_7&10_154&[4,8,12,2,-16,6,-18,-10,-20,-14]
10n_39&10_155&[6,10,14,16,18,4,-20,2,8,-12]
10n_32&10_156&[4,12,16,-14,18,2,-8,20,10,6]
10n_42&10_157&[6,-10,-18,14,-2,-16,20,8,-4,12]
10n_41&10_158&[6,-10,-16,14,-2,-18,8,20,-4,-12]
10n_34&10_159&[6,8,10,14,16,-18,-20,2,4,-12]
10n_33&10_160&[4,12,-16,-14,-18,2,-8,-20,-10,-6]
10n_31&10_161&[4,12,-16,14,-18,2,8,-20,-10,-6]
10n_40&10_162&[6,10,14,18,16,4,-20,2,8,-12]
10n_35&10_163&[6,8,10,14,16,-20,-18,2,4,-12]
10n_38&10_164&[6,-10,-12,14,-18,-16,20,-2,-4,-8]
10n_37&10_165&[6,8,14,18,16,4,-20,10,2,-12]
