7a_6 7_4 [7,7,7,9,10,10,9,10,10,9]
7a_6 7_4 [7,7,7,10,9,9,10,9,9,10]
7a_6 7_4 [8,7,8,9,10,10,9,10,10,9]
7a_6 7_4 [8,7,8,10,9,9,10,9,9,10]
7a_6 7_4 [8,7,9,7,9,9,10,9,9,10]
7a_6 7_4 [8,7,10,7,10,10,9,10,10,9]
7a_6 7_4 [8,8,7,9,10,10,9,10,10,9]
7a_6 7_4 [8,8,7,10,9,9,10,9,9,10]
7a_6 7_4 [8,9,7,7,9,9,10,9,9,10]
7a_6 7_4 [8,9,9,7,7,9,10,9,9,10]
7a_6 7_4 [8,10,7,7,10,10,9,10,10,9]
7a_6 7_4 [8,10,10,7,7,10,9,10,10,9]
7a_6 7_4 [9,7,7,7,10,10,9,10,10,9]
7a_6 7_4 [9,7,10,7,7,10,9,10,10,9]
7a_6 7_4 [9,10,7,7,7,10,9,10,10,9]
7a_6 7_4 [10,7,7,7,9,9,10,9,9,10]
7a_6 7_4 [10,7,9,7,7,9,10,9,9,10]
7a_6 7_4 [10,9,7,7,7,9,10,9,9,10]
7a_4 7_2 [8,7,9,10,9,9,7,9,9,10]
7a_2 7_6 [8,7,9,10,9,9,10,7,9,10]
7a_2 7_6 [8,7,9,10,9,9,10,9,7,10]
7a_2 7_6 [8,7,9,10,9,9,10,9,9,8]
7a_4 7_2 [8,7,10,9,10,10,7,10,10,9]
7a_2 7_6 [8,7,10,9,10,10,9,7,10,9]
7a_2 7_6 [8,7,10,9,10,10,9,10,7,9]
7a_2 7_6 [8,7,10,9,10,10,9,10,10,8]
7a_4 7_2 [8,9,7,10,9,9,7,9,9,10]
7a_2 7_6 [8,9,7,10,9,9,10,7,9,10]
7a_2 7_6 [8,9,7,10,9,9,10,9,7,10]
7a_2 7_6 [8,9,7,10,9,9,10,9,9,8]
7a_6 7_4 [8,9,9,7,9,7,10,9,9,10]
7a_7 7_1 [8,9,9,7,9,9,7,9,9,10]
7a_3 7_5 [8,9,9,10,7,7,10,9,9,10]
7a_1 7_7 [8,9,9,10,7,9,10,7,9,10]
7a_1 7_7 [8,9,9,10,7,9,10,9,7,10]
7a_1 7_7 [8,9,9,10,7,9,10,9,9,8]
7a_4 7_2 [8,10,7,9,10,10,7,10,10,9]
7a_2 7_6 [8,10,7,9,10,10,9,7,10,9]
7a_2 7_6 [8,10,7,9,10,10,9,10,7,9]
7a_2 7_6 [8,10,7,9,10,10,9,10,10,8]
7a_6 7_4 [8,10,10,7,10,7,9,10,10,9]
7a_7 7_1 [8,10,10,7,10,10,7,10,10,9]
7a_3 7_5 [8,10,10,9,7,7,9,10,10,9]
7a_1 7_7 [8,10,10,9,7,10,9,7,10,9]
7a_1 7_7 [8,10,10,9,7,10,9,10,7,9]
7a_1 7_7 [8,10,10,9,7,10,9,10,10,8]
7a_4 7_2 [9,7,7,9,10,10,7,10,10,9]
7a_2 7_6 [9,7,7,9,10,10,9,7,10,9]
7a_2 7_6 [9,7,7,9,10,10,9,10,7,9]
7a_2 7_6 [9,7,7,9,10,10,9,10,10,8]
7a_6 7_4 [9,7,10,7,10,7,9,10,10,9]
7a_7 7_1 [9,7,10,7,10,10,7,10,10,9]
7a_3 7_5 [9,7,10,9,7,7,9,10,10,9]
7a_1 7_7 [9,7,10,9,7,10,9,7,10,9]
7a_1 7_7 [9,7,10,9,7,10,9,10,7,9]
7a_1 7_7 [9,7,10,9,7,10,9,10,10,8]
7a_6 7_4 [9,10,7,7,10,7,9,10,10,9]
7a_7 7_1 [9,10,7,7,10,10,7,10,10,9]
7a_3 7_5 [9,10,7,9,7,7,9,10,10,9]
7a_1 7_7 [9,10,7,9,7,10,9,7,10,9]
7a_1 7_7 [9,10,7,9,7,10,9,10,7,9]
7a_1 7_7 [9,10,7,9,7,10,9,10,10,8]
7a_6 7_4 [9,10,10,7,7,7,9,10,10,9]
7a_7 7_1 [9,10,10,7,7,10,7,10,10,9]
7a_4 7_2 [10,7,7,10,9,9,7,9,9,10]
7a_2 7_6 [10,7,7,10,9,9,10,7,9,10]
7a_2 7_6 [10,7,7,10,9,9,10,9,7,10]
7a_2 7_6 [10,7,7,10,9,9,10,9,9,8]
7a_6 7_4 [10,7,9,7,9,7,10,9,9,10]
7a_7 7_1 [10,7,9,7,9,9,7,9,9,10]
7a_3 7_5 [10,7,9,10,7,7,10,9,9,10]
7a_1 7_7 [10,7,9,10,7,9,10,7,9,10]
7a_1 7_7 [10,7,9,10,7,9,10,9,7,10]
7a_1 7_7 [10,7,9,10,7,9,10,9,9,8]
7a_6 7_4 [10,9,7,7,9,7,10,9,9,10]
7a_7 7_1 [10,9,7,7,9,9,7,9,9,10]
7a_3 7_5 [10,9,7,10,7,7,10,9,9,10]
7a_1 7_7 [10,9,7,10,7,9,10,7,9,10]
7a_1 7_7 [10,9,7,10,7,9,10,9,7,10]
7a_1 7_7 [10,9,7,10,7,9,10,9,9,8]
7a_6 7_4 [10,9,9,7,7,7,10,9,9,10]
7a_7 7_1 [10,9,9,7,7,9,7,9,9,10]
7a_6 7_4 [7,7,9,9,10,10,9,10,10,9]
7a_6 7_4 [7,7,9,10,9,9,10,9,9,10]
7a_6 7_4 [7,7,10,9,10,10,9,10,10,9]
7a_6 7_4 [7,7,10,10,9,9,10,9,9,10]
7a_6 7_4 [7,9,7,9,10,10,9,10,10,9]
7a_6 7_4 [7,9,7,10,9,9,10,9,9,10]
7a_6 7_4 [7,10,7,9,10,10,9,10,10,9]
7a_6 7_4 [7,10,7,10,9,9,10,9,9,10]
7a_6 7_4 [8,8,9,9,10,10,9,10,10,9]
7a_6 7_4 [8,8,9,10,9,9,10,9,9,10]
7a_6 7_4 [8,8,10,9,10,10,9,10,10,9]
7a_6 7_4 [8,8,10,10,9,9,10,9,9,10]
7a_6 7_4 [8,9,8,9,10,10,9,10,10,9]
7a_6 7_4 [8,9,8,10,9,9,10,9,9,10]
7a_5 7_3 [8,9,9,7,9,9,9,10,10,9]
8a_17 8_4 [8,9,9,7,9,9,10,9,9,10]
7a_4 7_2 [8,9,9,7,9,9,10,10,10,9]
7a_6 7_4 [8,9,9,9,7,10,9,10,10,9]
7a_4 7_2 [8,9,9,10,7,9,9,10,10,9]
8a_7 8_13 [8,9,9,10,7,9,10,9,9,10]
7a_2 7_6 [8,9,9,10,7,9,10,10,10,9]
7a_5 7_3 [8,9,9,10,7,10,9,10,10,9]
7a_6 7_4 [8,10,8,9,10,10,9,10,10,9]
7a_6 7_4 [8,10,8,10,9,9,10,9,9,10]
7a_4 7_2 [8,10,10,7,10,10,9,9,9,10]
8a_17 8_4 [8,10,10,7,10,10,9,10,10,9]
7a_5 7_3 [8,10,10,7,10,10,10,9,9,10]
7a_5 7_3 [8,10,10,9,7,9,10,9,9,10]
7a_2 7_6 [8,10,10,9,7,10,9,9,9,10]
8a_7 8_13 [8,10,10,9,7,10,9,10,10,9]
7a_4 7_2 [8,10,10,9,7,10,10,9,9,10]
7a_6 7_4 [8,10,10,10,7,9,10,9,9,10]
7a_6 7_4 [9,7,8,9,10,10,9,10,10,9]
7a_6 7_4 [9,7,8,10,9,9,10,9,9,10]
7a_4 7_2 [9,7,10,7,10,10,9,9,9,10]
8a_17 8_4 [9,7,10,7,10,10,9,10,10,9]
7a_5 7_3 [9,7,10,7,10,10,10,9,9,10]
7a_5 7_3 [9,7,10,9,7,9,10,9,9,10]
7a_2 7_6 [9,7,10,9,7,10,9,9,9,10]
8a_7 8_13 [9,7,10,9,7,10,9,10,10,9]
7a_4 7_2 [9,7,10,9,7,10,10,9,9,10]
7a_6 7_4 [9,7,10,10,7,9,10,9,9,10]
7a_6 7_4 [9,8,7,9,10,10,9,10,10,9]
7a_6 7_4 [9,8,7,10,9,9,10,9,9,10]
7a_4 7_2 [9,10,7,7,10,10,9,9,9,10]
8a_17 8_4 [9,10,7,7,10,10,9,10,10,9]
7a_5 7_3 [9,10,7,7,10,10,10,9,9,10]
7a_5 7_3 [9,10,7,9,7,9,10,9,9,10]
7a_2 7_6 [9,10,7,9,7,10,9,9,9,10]
8a_7 8_13 [9,10,7,9,7,10,9,10,10,9]
7a_4 7_2 [9,10,7,9,7,10,10,9,9,10]
7a_6 7_4 [9,10,7,10,7,9,10,9,9,10]
7a_4 7_2 [9,10,10,7,7,10,9,9,9,10]
8a_17 8_4 [9,10,10,7,7,10,9,10,10,9]
7a_5 7_3 [9,10,10,7,7,10,10,9,9,10]
7a_6 7_4 [10,7,8,9,10,10,9,10,10,9]
7a_6 7_4 [10,7,8,10,9,9,10,9,9,10]
7a_5 7_3 [10,7,9,7,9,9,9,10,10,9]
8a_17 8_4 [10,7,9,7,9,9,10,9,9,10]
7a_4 7_2 [10,7,9,7,9,9,10,10,10,9]
7a_6 7_4 [10,7,9,9,7,10,9,10,10,9]
7a_4 7_2 [10,7,9,10,7,9,9,10,10,9]
8a_7 8_13 [10,7,9,10,7,9,10,9,9,10]
7a_2 7_6 [10,7,9,10,7,9,10,10,10,9]
7a_5 7_3 [10,7,9,10,7,10,9,10,10,9]
7a_6 7_4 [10,8,7,9,10,10,9,10,10,9]
7a_6 7_4 [10,8,7,10,9,9,10,9,9,10]
7a_5 7_3 [10,9,7,7,9,9,9,10,10,9]
8a_17 8_4 [10,9,7,7,9,9,10,9,9,10]
7a_4 7_2 [10,9,7,7,9,9,10,10,10,9]
7a_6 7_4 [10,9,7,9,7,10,9,10,10,9]
7a_4 7_2 [10,9,7,10,7,9,9,10,10,9]
8a_7 8_13 [10,9,7,10,7,9,10,9,9,10]
7a_2 7_6 [10,9,7,10,7,9,10,10,10,9]
7a_5 7_3 [10,9,7,10,7,10,9,10,10,9]
7a_5 7_3 [10,9,9,7,7,9,9,10,10,9]
8a_17 8_4 [10,9,9,7,7,9,10,9,9,10]
7a_4 7_2 [10,9,9,7,7,9,10,10,10,9]
7a_1 7_7 [8,9,9,10,9,7,10,7,9,10]
7a_1 7_7 [8,9,9,10,9,7,10,9,7,10]
7a_1 7_7 [8,9,9,10,9,7,10,9,9,8]
7a_2 7_6 [8,9,9,10,9,9,10,7,7,10]
7a_2 7_6 [8,9,9,10,9,9,10,7,9,8]
7a_2 7_6 [8,9,9,10,9,9,10,9,7,8]
7a_1 7_7 [8,10,10,9,10,7,9,7,10,9]
7a_1 7_7 [8,10,10,9,10,7,9,10,7,9]
7a_1 7_7 [8,10,10,9,10,7,9,10,10,8]
7a_2 7_6 [8,10,10,9,10,10,9,7,7,9]
7a_2 7_6 [8,10,10,9,10,10,9,7,10,8]
7a_2 7_6 [8,10,10,9,10,10,9,10,7,8]
7a_1 7_7 [9,7,10,9,10,7,9,7,10,9]
7a_1 7_7 [9,7,10,9,10,7,9,10,7,9]
7a_1 7_7 [9,7,10,9,10,7,9,10,10,8]
7a_2 7_6 [9,7,10,9,10,10,9,7,7,9]
7a_2 7_6 [9,7,10,9,10,10,9,7,10,8]
7a_2 7_6 [9,7,10,9,10,10,9,10,7,8]
7a_1 7_7 [9,10,7,9,10,7,9,7,10,9]
7a_1 7_7 [9,10,7,9,10,7,9,10,7,9]
7a_1 7_7 [9,10,7,9,10,7,9,10,10,8]
7a_2 7_6 [9,10,7,9,10,10,9,7,7,9]
7a_2 7_6 [9,10,7,9,10,10,9,7,10,8]
7a_2 7_6 [9,10,7,9,10,10,9,10,7,8]
7a_7 7_1 [9,10,10,7,10,7,7,10,10,9]
7a_7 7_1 [9,10,10,7,10,10,7,7,10,9]
7a_7 7_1 [9,10,10,7,10,10,7,10,7,9]
7a_7 7_1 [9,10,10,7,10,10,7,10,10,8]
7a_4 7_2 [9,10,10,7,10,10,9,7,7,9]
7a_4 7_2 [9,10,10,7,10,10,9,7,10,8]
7a_4 7_2 [9,10,10,7,10,10,9,10,7,8]
7a_6 7_4 [9,10,10,9,7,7,7,10,10,9]
7a_3 7_5 [9,10,10,9,7,7,9,7,10,9]
7a_3 7_5 [9,10,10,9,7,7,9,10,7,9]
7a_3 7_5 [9,10,10,9,7,7,9,10,10,8]
7a_6 7_4 [9,10,10,9,7,10,7,7,10,9]
7a_6 7_4 [9,10,10,9,7,10,7,10,7,9]
7a_6 7_4 [9,10,10,9,7,10,7,10,10,8]
7a_1 7_7 [10,7,9,10,9,7,10,7,9,10]
7a_1 7_7 [10,7,9,10,9,7,10,9,7,10]
7a_1 7_7 [10,7,9,10,9,7,10,9,9,8]
7a_2 7_6 [10,7,9,10,9,9,10,7,7,10]
7a_2 7_6 [10,7,9,10,9,9,10,7,9,8]
7a_2 7_6 [10,7,9,10,9,9,10,9,7,8]
7a_1 7_7 [10,9,7,10,9,7,10,7,9,10]
7a_1 7_7 [10,9,7,10,9,7,10,9,7,10]
7a_1 7_7 [10,9,7,10,9,7,10,9,9,8]
7a_2 7_6 [10,9,7,10,9,9,10,7,7,10]
7a_2 7_6 [10,9,7,10,9,9,10,7,9,8]
7a_2 7_6 [10,9,7,10,9,9,10,9,7,8]
7a_7 7_1 [10,9,9,7,9,7,7,9,9,10]
7a_7 7_1 [10,9,9,7,9,9,7,7,9,10]
7a_7 7_1 [10,9,9,7,9,9,7,9,7,10]
7a_7 7_1 [10,9,9,7,9,9,7,9,9,8]
7a_4 7_2 [10,9,9,7,9,9,10,7,7,10]
7a_4 7_2 [10,9,9,7,9,9,10,7,9,8]
7a_4 7_2 [10,9,9,7,9,9,10,9,7,8]
7a_6 7_4 [10,9,9,10,7,7,7,9,9,10]
7a_3 7_5 [10,9,9,10,7,7,10,7,9,10]
7a_3 7_5 [10,9,9,10,7,7,10,9,7,10]
7a_3 7_5 [10,9,9,10,7,7,10,9,9,8]
7a_6 7_4 [10,9,9,10,7,9,7,7,9,10]
7a_6 7_4 [10,9,9,10,7,9,7,9,7,10]
7a_6 7_4 [10,9,9,10,7,9,7,9,9,8]
7a_6 7_4 [8,9,9,9,10,7,9,10,10,9]
7a_7 7_1 [8,9,9,9,10,10,7,10,10,9]
7a_4 7_2 [8,9,9,10,9,7,9,10,10,9]
8a_7 8_13 [8,9,9,10,9,7,10,9,9,10]
7a_2 7_6 [8,9,9,10,9,7,10,10,10,9]
8a_8 8_2 [8,9,9,10,9,9,7,9,9,10]
7a_5 7_3 [8,9,9,10,10,7,9,10,10,9]
7a_5 7_3 [8,9,9,10,10,10,7,10,10,9]
7a_5 7_3 [8,10,10,9,9,7,10,9,9,10]
7a_5 7_3 [8,10,10,9,9,9,7,9,9,10]
7a_2 7_6 [8,10,10,9,10,7,9,9,9,10]
8a_7 8_13 [8,10,10,9,10,7,9,10,10,9]
7a_4 7_2 [8,10,10,9,10,7,10,9,9,10]
8a_8 8_2 [8,10,10,9,10,10,7,10,10,9]
7a_6 7_4 [8,10,10,10,9,7,10,9,9,10]
7a_7 7_1 [8,10,10,10,9,9,7,9,9,10]
7a_5 7_3 [9,7,10,9,9,7,10,9,9,10]
7a_5 7_3 [9,7,10,9,9,9,7,9,9,10]
7a_2 7_6 [9,7,10,9,10,7,9,9,9,10]
8a_7 8_13 [9,7,10,9,10,7,9,10,10,9]
7a_4 7_2 [9,7,10,9,10,7,10,9,9,10]
8a_8 8_2 [9,7,10,9,10,10,7,10,10,9]
7a_6 7_4 [9,7,10,10,9,7,10,9,9,10]
7a_7 7_1 [9,7,10,10,9,9,7,9,9,10]
7a_5 7_3 [9,10,7,9,9,7,10,9,9,10]
7a_5 7_3 [9,10,7,9,9,9,7,9,9,10]
7a_2 7_6 [9,10,7,9,10,7,9,9,9,10]
8a_7 8_13 [9,10,7,9,10,7,9,10,10,9]
7a_4 7_2 [9,10,7,9,10,7,10,9,9,10]
8a_8 8_2 [9,10,7,9,10,10,7,10,10,9]
7a_6 7_4 [9,10,7,10,9,7,10,9,9,10]
7a_7 7_1 [9,10,7,10,9,9,7,9,9,10]
7a_4 7_2 [9,10,10,7,10,7,9,9,9,10]
8a_17 8_4 [9,10,10,7,10,7,9,10,10,9]
7a_5 7_3 [9,10,10,7,10,7,10,9,9,10]
7a_7 7_1 [9,10,10,7,10,10,9,7,9,10]
8a_8 8_2 [9,10,10,7,10,10,9,7,10,9]
7a_7 7_1 [9,10,10,7,10,10,9,9,7,10]
7a_7 7_1 [9,10,10,7,10,10,9,9,9,8]
8a_8 8_2 [9,10,10,7,10,10,9,10,7,9]
8a_8 8_2 [9,10,10,7,10,10,9,10,10,8]
7a_5 7_3 [9,10,10,7,10,10,10,7,9,10]
7a_5 7_3 [9,10,10,7,10,10,10,9,7,10]
7a_5 7_3 [9,10,10,7,10,10,10,9,9,8]
7a_5 7_3 [9,10,10,9,7,9,7,9,9,10]
7a_4 7_2 [9,10,10,9,7,9,10,7,9,10]
7a_4 7_2 [9,10,10,9,7,9,10,9,7,10]
7a_4 7_2 [9,10,10,9,7,9,10,9,9,8]
8a_17 8_4 [9,10,10,9,7,10,7,10,10,9]
7a_6 7_4 [9,10,10,9,7,10,9,7,9,10]
8a_7 8_13 [9,10,10,9,7,10,9,7,10,9]
7a_6 7_4 [9,10,10,9,7,10,9,9,7,10]
7a_6 7_4 [9,10,10,9,7,10,9,9,9,8]
8a_7 8_13 [9,10,10,9,7,10,9,10,7,9]
8a_7 8_13 [9,10,10,9,7,10,9,10,10,8]
7a_5 7_3 [9,10,10,9,7,10,10,7,9,10]
7a_5 7_3 [9,10,10,9,7,10,10,9,7,10]
7a_5 7_3 [9,10,10,9,7,10,10,9,9,8]
7a_4 7_2 [9,10,10,10,7,9,7,9,9,10]
7a_2 7_6 [9,10,10,10,7,9,10,7,9,10]
7a_2 7_6 [9,10,10,10,7,9,10,9,7,10]
7a_2 7_6 [9,10,10,10,7,9,10,9,9,8]
7a_6 7_4 [10,7,9,9,10,7,9,10,10,9]
7a_7 7_1 [10,7,9,9,10,10,7,10,10,9]
7a_4 7_2 [10,7,9,10,9,7,9,10,10,9]
8a_7 8_13 [10,7,9,10,9,7,10,9,9,10]
7a_2 7_6 [10,7,9,10,9,7,10,10,10,9]
8a_8 8_2 [10,7,9,10,9,9,7,9,9,10]
7a_5 7_3 [10,7,9,10,10,7,9,10,10,9]
7a_5 7_3 [10,7,9,10,10,10,7,10,10,9]
7a_6 7_4 [10,9,7,9,10,7,9,10,10,9]
7a_7 7_1 [10,9,7,9,10,10,7,10,10,9]
7a_4 7_2 [10,9,7,10,9,7,9,10,10,9]
8a_7 8_13 [10,9,7,10,9,7,10,9,9,10]
7a_2 7_6 [10,9,7,10,9,7,10,10,10,9]
8a_8 8_2 [10,9,7,10,9,9,7,9,9,10]
7a_5 7_3 [10,9,7,10,10,7,9,10,10,9]
7a_5 7_3 [10,9,7,10,10,10,7,10,10,9]
7a_5 7_3 [10,9,9,7,9,7,9,10,10,9]
8a_17 8_4 [10,9,9,7,9,7,10,9,9,10]
7a_4 7_2 [10,9,9,7,9,7,10,10,10,9]
7a_5 7_3 [10,9,9,7,9,9,9,7,10,9]
7a_5 7_3 [10,9,9,7,9,9,9,10,7,9]
7a_5 7_3 [10,9,9,7,9,9,9,10,10,8]
8a_8 8_2 [10,9,9,7,9,9,10,7,9,10]
7a_7 7_1 [10,9,9,7,9,9,10,7,10,9]
8a_8 8_2 [10,9,9,7,9,9,10,9,7,10]
8a_8 8_2 [10,9,9,7,9,9,10,9,9,8]
7a_7 7_1 [10,9,9,7,9,9,10,10,7,9]
7a_7 7_1 [10,9,9,7,9,9,10,10,10,8]
7a_4 7_2 [10,9,9,9,7,10,7,10,10,9]
7a_2 7_6 [10,9,9,9,7,10,9,7,10,9]
7a_2 7_6 [10,9,9,9,7,10,9,10,7,9]
7a_2 7_6 [10,9,9,9,7,10,9,10,10,8]
8a_17 8_4 [10,9,9,10,7,9,7,9,9,10]
7a_5 7_3 [10,9,9,10,7,9,9,7,10,9]
7a_5 7_3 [10,9,9,10,7,9,9,10,7,9]
7a_5 7_3 [10,9,9,10,7,9,9,10,10,8]
8a_7 8_13 [10,9,9,10,7,9,10,7,9,10]
7a_6 7_4 [10,9,9,10,7,9,10,7,10,9]
8a_7 8_13 [10,9,9,10,7,9,10,9,7,10]
8a_7 8_13 [10,9,9,10,7,9,10,9,9,8]
7a_6 7_4 [10,9,9,10,7,9,10,10,7,9]
7a_6 7_4 [10,9,9,10,7,9,10,10,10,8]
7a_5 7_3 [10,9,9,10,7,10,7,10,10,9]
7a_4 7_2 [10,9,9,10,7,10,9,7,10,9]
7a_4 7_2 [10,9,9,10,7,10,9,10,7,9]
7a_4 7_2 [10,9,9,10,7,10,9,10,10,8]
7a_6 7_4 [7,9,9,9,10,10,9,10,10,9]
7a_6 7_4 [7,9,9,10,9,9,10,9,9,10]
7a_6 7_4 [7,9,10,9,10,10,9,10,10,9]
7a_6 7_4 [7,9,10,10,9,9,10,9,9,10]
7a_6 7_4 [7,10,9,9,10,10,9,10,10,9]
7a_6 7_4 [7,10,9,10,9,9,10,9,9,10]
7a_6 7_4 [7,10,10,9,10,10,9,10,10,9]
7a_6 7_4 [7,10,10,10,9,9,10,9,9,10]
7a_4 7_2 [8,9,9,9,10,10,9,9,9,10]
8a_17 8_4 [8,9,9,9,10,10,9,10,10,9]
7a_5 7_3 [8,9,9,9,10,10,10,9,9,10]
8a_6 8_7 [8,9,9,10,9,9,9,10,10,9]
7a_2 7_6 [8,9,9,10,9,9,10,9,9,9]
9a_19 9_20 [8,9,9,10,9,9,10,9,9,10]
7a_2 7_6 [8,9,9,10,9,9,10,9,10,10]
7a_2 7_6 [8,9,9,10,9,9,10,10,9,10]
8a_4 8_8 [8,9,9,10,9,9,10,10,10,9]
7a_3 7_5 [8,9,9,10,9,10,10,9,9,10]
7a_3 7_5 [8,9,9,10,10,9,10,9,9,10]
7a_3 7_5 [8,9,9,10,10,10,9,9,9,10]
8a_16 8_9 [8,9,9,10,10,10,9,10,10,9]
7a_7 7_1 [8,9,9,10,10,10,10,9,9,10]
7a_7 7_1 [8,10,10,9,9,9,9,10,10,9]
8a_16 8_9 [8,10,10,9,9,9,10,9,9,10]
7a_3 7_5 [8,10,10,9,9,9,10,10,10,9]
7a_3 7_5 [8,10,10,9,9,10,9,10,10,9]
7a_3 7_5 [8,10,10,9,10,9,9,10,10,9]
8a_4 8_8 [8,10,10,9,10,10,9,9,9,10]
7a_2 7_6 [8,10,10,9,10,10,9,9,10,9]
7a_2 7_6 [8,10,10,9,10,10,9,10,9,9]
9a_19 9_20 [8,10,10,9,10,10,9,10,10,9]
7a_2 7_6 [8,10,10,9,10,10,9,10,10,10]
8a_6 8_7 [8,10,10,9,10,10,10,9,9,10]
7a_5 7_3 [8,10,10,10,9,9,9,10,10,9]
8a_17 8_4 [8,10,10,10,9,9,10,9,9,10]
7a_4 7_2 [8,10,10,10,9,9,10,10,10,9]
7a_7 7_1 [9,7,10,9,9,9,9,10,10,9]
8a_16 8_9 [9,7,10,9,9,9,10,9,9,10]
7a_3 7_5 [9,7,10,9,9,9,10,10,10,9]
7a_3 7_5 [9,7,10,9,9,10,9,10,10,9]
7a_3 7_5 [9,7,10,9,10,9,9,10,10,9]
8a_4 8_8 [9,7,10,9,10,10,9,9,9,10]
7a_2 7_6 [9,7,10,9,10,10,9,9,10,9]
7a_2 7_6 [9,7,10,9,10,10,9,10,9,9]
9a_19 9_20 [9,7,10,9,10,10,9,10,10,9]
7a_2 7_6 [9,7,10,9,10,10,9,10,10,10]
8a_6 8_7 [9,7,10,9,10,10,10,9,9,10]
7a_5 7_3 [9,7,10,10,9,9,9,10,10,9]
8a_17 8_4 [9,7,10,10,9,9,10,9,9,10]
7a_4 7_2 [9,7,10,10,9,9,10,10,10,9]
7a_6 7_4 [9,8,9,9,10,10,9,10,10,9]
7a_6 7_4 [9,8,9,10,9,9,10,9,9,10]
7a_6 7_4 [9,8,10,9,10,10,9,10,10,9]
7a_6 7_4 [9,8,10,10,9,9,10,9,9,10]
7a_6 7_4 [9,9,8,9,10,10,9,10,10,9]
7a_6 7_4 [9,9,8,10,9,9,10,9,9,10]
7a_6 7_4 [9,9,9,7,9,9,10,9,9,10]
7a_6 7_4 [9,9,10,7,10,10,9,10,10,9]
7a_7 7_1 [9,10,7,9,9,9,9,10,10,9]
8a_16 8_9 [9,10,7,9,9,9,10,9,9,10]
7a_3 7_5 [9,10,7,9,9,9,10,10,10,9]
7a_3 7_5 [9,10,7,9,9,10,9,10,10,9]
7a_3 7_5 [9,10,7,9,10,9,9,10,10,9]
8a_4 8_8 [9,10,7,9,10,10,9,9,9,10]
7a_2 7_6 [9,10,7,9,10,10,9,9,10,9]
7a_2 7_6 [9,10,7,9,10,10,9,10,9,9]
9a_19 9_20 [9,10,7,9,10,10,9,10,10,9]
7a_2 7_6 [9,10,7,9,10,10,9,10,10,10]
8a_6 8_7 [9,10,7,9,10,10,10,9,9,10]
7a_5 7_3 [9,10,7,10,9,9,9,10,10,9]
8a_17 8_4 [9,10,7,10,9,9,10,9,9,10]
7a_4 7_2 [9,10,7,10,9,9,10,10,10,9]
7a_6 7_4 [9,10,8,9,10,10,9,10,10,9]
7a_6 7_4 [9,10,8,10,9,9,10,9,9,10]
7a_6 7_4 [9,10,9,7,10,10,9,10,10,9]
7a_6 7_4 [9,10,10,7,9,10,9,10,10,9]
7a_6 7_4 [9,10,10,7,10,9,9,10,10,9]
8a_11 8_1 [9,10,10,7,10,10,9,9,9,10]
7a_4 7_2 [9,10,10,7,10,10,9,9,10,9]
7a_4 7_2 [9,10,10,7,10,10,9,10,9,9]
9a_36 9_5 [9,10,10,7,10,10,9,10,10,9]
7a_4 7_2 [9,10,10,7,10,10,9,10,10,10]
8a_18 8_3 [9,10,10,7,10,10,10,9,9,10]
7a_4 7_2 [10,7,9,9,10,10,9,9,9,10]
8a_17 8_4 [10,7,9,9,10,10,9,10,10,9]
7a_5 7_3 [10,7,9,9,10,10,10,9,9,10]
8a_6 8_7 [10,7,9,10,9,9,9,10,10,9]
7a_2 7_6 [10,7,9,10,9,9,10,9,9,9]
9a_19 9_20 [10,7,9,10,9,9,10,9,9,10]
7a_2 7_6 [10,7,9,10,9,9,10,9,10,10]
7a_2 7_6 [10,7,9,10,9,9,10,10,9,10]
8a_4 8_8 [10,7,9,10,9,9,10,10,10,9]
7a_3 7_5 [10,7,9,10,9,10,10,9,9,10]
7a_3 7_5 [10,7,9,10,10,9,10,9,9,10]
7a_3 7_5 [10,7,9,10,10,10,9,9,9,10]
8a_16 8_9 [10,7,9,10,10,10,9,10,10,9]
7a_7 7_1 [10,7,9,10,10,10,10,9,9,10]
7a_6 7_4 [10,8,9,9,10,10,9,10,10,9]
7a_6 7_4 [10,8,9,10,9,9,10,9,9,10]
7a_6 7_4 [10,8,10,9,10,10,9,10,10,9]
7a_6 7_4 [10,8,10,10,9,9,10,9,9,10]
7a_4 7_2 [10,9,7,9,10,10,9,9,9,10]
8a_17 8_4 [10,9,7,9,10,10,9,10,10,9]
7a_5 7_3 [10,9,7,9,10,10,10,9,9,10]
8a_6 8_7 [10,9,7,10,9,9,9,10,10,9]
7a_2 7_6 [10,9,7,10,9,9,10,9,9,9]
9a_19 9_20 [10,9,7,10,9,9,10,9,9,10]
7a_2 7_6 [10,9,7,10,9,9,10,9,10,10]
7a_2 7_6 [10,9,7,10,9,9,10,10,9,10]
8a_4 8_8 [10,9,7,10,9,9,10,10,10,9]
7a_3 7_5 [10,9,7,10,9,10,10,9,9,10]
7a_3 7_5 [10,9,7,10,10,9,10,9,9,10]
7a_3 7_5 [10,9,7,10,10,10,9,9,9,10]
8a_16 8_9 [10,9,7,10,10,10,9,10,10,9]
7a_7 7_1 [10,9,7,10,10,10,10,9,9,10]
7a_6 7_4 [10,9,8,9,10,10,9,10,10,9]
7a_6 7_4 [10,9,8,10,9,9,10,9,9,10]
8a_18 8_3 [10,9,9,7,9,9,9,10,10,9]
7a_4 7_2 [10,9,9,7,9,9,10,9,9,9]
9a_36 9_5 [10,9,9,7,9,9,10,9,9,10]
7a_4 7_2 [10,9,9,7,9,9,10,9,10,10]
7a_4 7_2 [10,9,9,7,9,9,10,10,9,10]
8a_11 8_1 [10,9,9,7,9,9,10,10,10,9]
7a_6 7_4 [10,9,9,7,9,10,10,9,9,10]
7a_6 7_4 [10,9,9,7,10,9,10,9,9,10]
7a_6 7_4 [10,9,10,7,9,9,10,9,9,10]
7a_6 7_4 [10,10,8,9,10,10,9,10,10,9]
7a_6 7_4 [10,10,8,10,9,9,10,9,9,10]
7a_6 7_4 [10,10,9,7,9,9,10,9,9,10]
7a_6 7_4 [10,10,10,7,10,10,9,10,10,9]
7a_6 7_4 [9,10,10,9,10,7,7,7,10,9]
7a_6 7_4 [9,10,10,9,10,7,7,10,7,9]
7a_6 7_4 [9,10,10,9,10,7,7,10,10,8]
7a_6 7_4 [9,10,10,9,10,10,7,7,7,9]
7a_6 7_4 [9,10,10,9,10,10,7,7,10,8]
7a_6 7_4 [9,10,10,9,10,10,7,10,7,8]
7a_6 7_4 [9,10,10,9,10,10,9,7,7,7]
7a_6 7_4 [9,10,10,9,10,10,9,7,8,8]
7a_6 7_4 [9,10,10,9,10,10,9,8,7,8]
7a_6 7_4 [10,9,9,10,9,7,7,7,9,10]
7a_6 7_4 [10,9,9,10,9,7,7,9,7,10]
7a_6 7_4 [10,9,9,10,9,7,7,9,9,8]
7a_6 7_4 [10,9,9,10,9,9,7,7,7,10]
7a_6 7_4 [10,9,9,10,9,9,7,7,9,8]
7a_6 7_4 [10,9,9,10,9,9,7,9,7,8]
7a_6 7_4 [10,9,9,10,9,9,10,7,7,7]
7a_6 7_4 [10,9,9,10,9,9,10,7,8,8]
7a_6 7_4 [10,9,9,10,9,9,10,8,7,8]
7a_5 7_3 [9,10,10,9,9,7,7,9,9,10]
7a_4 7_2 [9,10,10,9,9,7,10,7,9,10]
7a_4 7_2 [9,10,10,9,9,7,10,9,7,10]
7a_4 7_2 [9,10,10,9,9,7,10,9,9,8]
7a_5 7_3 [9,10,10,9,9,9,7,7,9,10]
7a_5 7_3 [9,10,10,9,9,9,7,9,7,10]
7a_5 7_3 [9,10,10,9,9,9,7,9,9,8]
8a_17 8_4 [9,10,10,9,10,7,7,10,10,9]
7a_6 7_4 [9,10,10,9,10,7,9,7,9,10]
8a_7 8_13 [9,10,10,9,10,7,9,7,10,9]
7a_6 7_4 [9,10,10,9,10,7,9,9,7,10]
7a_6 7_4 [9,10,10,9,10,7,9,9,9,8]
8a_7 8_13 [9,10,10,9,10,7,9,10,7,9]
8a_7 8_13 [9,10,10,9,10,7,9,10,10,8]
7a_5 7_3 [9,10,10,9,10,7,10,7,9,10]
7a_5 7_3 [9,10,10,9,10,7,10,9,7,10]
7a_5 7_3 [9,10,10,9,10,7,10,9,9,8]
8a_17 8_4 [9,10,10,9,10,10,7,7,10,9]
8a_17 8_4 [9,10,10,9,10,10,7,10,7,9]
8a_17 8_4 [9,10,10,9,10,10,7,10,10,8]
7a_6 7_4 [9,10,10,9,10,10,9,7,8,9]
7a_6 7_4 [9,10,10,9,10,10,9,7,8,10]
7a_6 7_4 [9,10,10,9,10,10,9,7,9,7]
7a_6 7_4 [9,10,10,9,10,10,9,7,10,7]
7a_6 7_4 [9,10,10,9,10,10,9,8,7,9]
7a_6 7_4 [9,10,10,9,10,10,9,8,7,10]
7a_6 7_4 [9,10,10,9,10,10,9,8,9,8]
7a_6 7_4 [9,10,10,9,10,10,9,8,10,8]
7a_6 7_4 [9,10,10,9,10,10,9,9,7,7]
7a_6 7_4 [9,10,10,9,10,10,9,9,8,8]
7a_6 7_4 [9,10,10,9,10,10,9,10,7,7]
7a_6 7_4 [9,10,10,9,10,10,9,10,8,8]
7a_4 7_2 [9,10,10,10,9,7,7,9,9,10]
7a_2 7_6 [9,10,10,10,9,7,10,7,9,10]
7a_2 7_6 [9,10,10,10,9,7,10,9,7,10]
7a_2 7_6 [9,10,10,10,9,7,10,9,9,8]
7a_4 7_2 [9,10,10,10,9,9,7,7,9,10]
7a_4 7_2 [9,10,10,10,9,9,7,9,7,10]
7a_4 7_2 [9,10,10,10,9,9,7,9,9,8]
7a_4 7_2 [10,9,9,9,10,7,7,10,10,9]
7a_2 7_6 [10,9,9,9,10,7,9,7,10,9]
7a_2 7_6 [10,9,9,9,10,7,9,10,7,9]
7a_2 7_6 [10,9,9,9,10,7,9,10,10,8]
7a_4 7_2 [10,9,9,9,10,10,7,7,10,9]
7a_4 7_2 [10,9,9,9,10,10,7,10,7,9]
7a_4 7_2 [10,9,9,9,10,10,7,10,10,8]
8a_17 8_4 [10,9,9,10,9,7,7,9,9,10]
7a_5 7_3 [10,9,9,10,9,7,9,7,10,9]
7a_5 7_3 [10,9,9,10,9,7,9,10,7,9]
7a_5 7_3 [10,9,9,10,9,7,9,10,10,8]
8a_7 8_13 [10,9,9,10,9,7,10,7,9,10]
7a_6 7_4 [10,9,9,10,9,7,10,7,10,9]
8a_7 8_13 [10,9,9,10,9,7,10,9,7,10]
8a_7 8_13 [10,9,9,10,9,7,10,9,9,8]
7a_6 7_4 [10,9,9,10,9,7,10,10,7,9]
7a_6 7_4 [10,9,9,10,9,7,10,10,10,8]
8a_17 8_4 [10,9,9,10,9,9,7,7,9,10]
8a_17 8_4 [10,9,9,10,9,9,7,9,7,10]
8a_17 8_4 [10,9,9,10,9,9,7,9,9,8]
7a_6 7_4 [10,9,9,10,9,9,10,7,8,9]
7a_6 7_4 [10,9,9,10,9,9,10,7,8,10]
7a_6 7_4 [10,9,9,10,9,9,10,7,9,7]
7a_6 7_4 [10,9,9,10,9,9,10,7,10,7]
7a_6 7_4 [10,9,9,10,9,9,10,8,7,9]
7a_6 7_4 [10,9,9,10,9,9,10,8,7,10]
7a_6 7_4 [10,9,9,10,9,9,10,8,9,8]
7a_6 7_4 [10,9,9,10,9,9,10,8,10,8]
7a_6 7_4 [10,9,9,10,9,9,10,9,7,7]
7a_6 7_4 [10,9,9,10,9,9,10,9,8,8]
7a_6 7_4 [10,9,9,10,9,9,10,10,7,7]
7a_6 7_4 [10,9,9,10,9,9,10,10,8,8]
7a_5 7_3 [10,9,9,10,10,7,7,10,10,9]
7a_4 7_2 [10,9,9,10,10,7,9,7,10,9]
7a_4 7_2 [10,9,9,10,10,7,9,10,7,9]
7a_4 7_2 [10,9,9,10,10,7,9,10,10,8]
7a_5 7_3 [10,9,9,10,10,10,7,7,10,9]
7a_5 7_3 [10,9,9,10,10,10,7,10,7,9]
7a_5 7_3 [10,9,9,10,10,10,7,10,10,8]
7a_4 7_2 [9,9,9,10,9,9,7,9,9,10]
7a_2 7_6 [9,9,9,10,9,9,10,7,9,10]
7a_2 7_6 [9,9,9,10,9,9,10,9,7,10]
7a_2 7_6 [9,9,9,10,9,9,10,9,9,8]
7a_4 7_2 [9,9,10,9,10,10,7,10,10,9]
7a_2 7_6 [9,9,10,9,10,10,9,7,10,9]
7a_2 7_6 [9,9,10,9,10,10,9,10,7,9]
7a_2 7_6 [9,9,10,9,10,10,9,10,10,8]
7a_4 7_2 [9,10,9,9,10,10,7,10,10,9]
7a_2 7_6 [9,10,9,9,10,10,9,7,10,9]
7a_2 7_6 [9,10,9,9,10,10,9,10,7,9]
7a_2 7_6 [9,10,9,9,10,10,9,10,10,8]
8a_18 8_3 [9,10,10,9,9,9,7,9,9,10]
7a_7 7_1 [9,10,10,9,9,9,9,7,10,9]
7a_7 7_1 [9,10,10,9,9,9,9,10,7,9]
7a_7 7_1 [9,10,10,9,9,9,9,10,10,8]
8a_6 8_7 [9,10,10,9,9,9,10,7,9,10]
7a_5 7_3 [9,10,10,9,9,9,10,7,10,9]
8a_6 8_7 [9,10,10,9,9,9,10,9,7,10]
8a_6 8_7 [9,10,10,9,9,9,10,9,9,8]
7a_5 7_3 [9,10,10,9,9,9,10,10,7,9]
7a_5 7_3 [9,10,10,9,9,9,10,10,10,8]
7a_6 7_4 [9,10,10,9,9,10,7,10,10,9]
7a_3 7_5 [9,10,10,9,9,10,9,7,10,9]
7a_3 7_5 [9,10,10,9,9,10,9,10,7,9]
7a_3 7_5 [9,10,10,9,9,10,9,10,10,8]
7a_6 7_4 [9,10,10,9,10,9,7,10,10,9]
7a_3 7_5 [9,10,10,9,10,9,9,7,10,9]
7a_3 7_5 [9,10,10,9,10,9,9,10,7,9]
7a_3 7_5 [9,10,10,9,10,9,9,10,10,8]
7a_6 7_4 [9,10,10,9,10,10,7,9,10,9]
7a_6 7_4 [9,10,10,9,10,10,7,10,9,9]
9a_36 9_5 [9,10,10,9,10,10,7,10,10,9]
7a_6 7_4 [9,10,10,9,10,10,7,10,10,10]
8a_17 8_4 [9,10,10,9,10,10,9,7,9,10]
9a_19 9_20 [9,10,10,9,10,10,9,7,10,9]
7a_6 7_4 [9,10,10,9,10,10,9,8,9,9]
7a_6 7_4 [9,10,10,9,10,10,9,8,9,10]
7a_6 7_4 [9,10,10,9,10,10,9,8,10,9]
7a_6 7_4 [9,10,10,9,10,10,9,8,10,10]
8a_17 8_4 [9,10,10,9,10,10,9,9,7,10]
7a_6 7_4 [9,10,10,9,10,10,9,9,8,9]
7a_6 7_4 [9,10,10,9,10,10,9,9,8,10]
7a_6 7_4 [9,10,10,9,10,10,9,9,9,7]
8a_17 8_4 [9,10,10,9,10,10,9,9,9,8]
7a_6 7_4 [9,10,10,9,10,10,9,9,10,7]
9a_19 9_20 [9,10,10,9,10,10,9,10,7,9]
7a_6 7_4 [9,10,10,9,10,10,9,10,8,9]
7a_6 7_4 [9,10,10,9,10,10,9,10,8,10]
7a_6 7_4 [9,10,10,9,10,10,9,10,9,7]
7a_6 7_4 [9,10,10,9,10,10,9,10,10,7]
9a_19 9_20 [9,10,10,9,10,10,9,10,10,8]
8a_16 8_9 [9,10,10,9,10,10,10,7,9,10]
8a_16 8_9 [9,10,10,9,10,10,10,9,7,10]
8a_16 8_9 [9,10,10,9,10,10,10,9,9,8]
8a_11 8_1 [9,10,10,10,9,9,7,9,9,10]
7a_3 7_5 [9,10,10,10,9,9,9,7,10,9]
7a_3 7_5 [9,10,10,10,9,9,9,10,7,9]
7a_3 7_5 [9,10,10,10,9,9,9,10,10,8]
8a_4 8_8 [9,10,10,10,9,9,10,7,9,10]
7a_4 7_2 [9,10,10,10,9,9,10,7,10,9]
8a_4 8_8 [9,10,10,10,9,9,10,9,7,10]
8a_4 8_8 [9,10,10,10,9,9,10,9,9,8]
7a_4 7_2 [9,10,10,10,9,9,10,10,7,9]
7a_4 7_2 [9,10,10,10,9,9,10,10,10,8]
8a_11 8_1 [10,9,9,9,10,10,7,10,10,9]
7a_4 7_2 [10,9,9,9,10,10,9,7,9,10]
8a_4 8_8 [10,9,9,9,10,10,9,7,10,9]
7a_4 7_2 [10,9,9,9,10,10,9,9,7,10]
7a_4 7_2 [10,9,9,9,10,10,9,9,9,8]
8a_4 8_8 [10,9,9,9,10,10,9,10,7,9]
8a_4 8_8 [10,9,9,9,10,10,9,10,10,8]
7a_3 7_5 [10,9,9,9,10,10,10,7,9,10]
7a_3 7_5 [10,9,9,9,10,10,10,9,7,10]
7a_3 7_5 [10,9,9,9,10,10,10,9,9,8]
7a_6 7_4 [10,9,9,10,9,9,7,9,9,9]
9a_36 9_5 [10,9,9,10,9,9,7,9,9,10]
7a_6 7_4 [10,9,9,10,9,9,7,9,10,10]
7a_6 7_4 [10,9,9,10,9,9,7,10,9,10]
8a_16 8_9 [10,9,9,10,9,9,9,7,10,9]
8a_16 8_9 [10,9,9,10,9,9,9,10,7,9]
8a_16 8_9 [10,9,9,10,9,9,9,10,10,8]
9a_19 9_20 [10,9,9,10,9,9,10,7,9,10]
8a_17 8_4 [10,9,9,10,9,9,10,7,10,9]
7a_6 7_4 [10,9,9,10,9,9,10,8,9,9]
7a_6 7_4 [10,9,9,10,9,9,10,8,9,10]
7a_6 7_4 [10,9,9,10,9,9,10,8,10,9]
7a_6 7_4 [10,9,9,10,9,9,10,8,10,10]
9a_19 9_20 [10,9,9,10,9,9,10,9,7,10]
7a_6 7_4 [10,9,9,10,9,9,10,9,8,9]
7a_6 7_4 [10,9,9,10,9,9,10,9,8,10]
7a_6 7_4 [10,9,9,10,9,9,10,9,9,7]
9a_19 9_20 [10,9,9,10,9,9,10,9,9,8]
7a_6 7_4 [10,9,9,10,9,9,10,9,10,7]
8a_17 8_4 [10,9,9,10,9,9,10,10,7,9]
7a_6 7_4 [10,9,9,10,9,9,10,10,8,9]
7a_6 7_4 [10,9,9,10,9,9,10,10,8,10]
7a_6 7_4 [10,9,9,10,9,9,10,10,9,7]
7a_6 7_4 [10,9,9,10,9,9,10,10,10,7]
8a_17 8_4 [10,9,9,10,9,9,10,10,10,8]
7a_6 7_4 [10,9,9,10,9,10,7,9,9,10]
7a_3 7_5 [10,9,9,10,9,10,10,7,9,10]
7a_3 7_5 [10,9,9,10,9,10,10,9,7,10]
7a_3 7_5 [10,9,9,10,9,10,10,9,9,8]
7a_6 7_4 [10,9,9,10,10,9,7,9,9,10]
7a_3 7_5 [10,9,9,10,10,9,10,7,9,10]
7a_3 7_5 [10,9,9,10,10,9,10,9,7,10]
7a_3 7_5 [10,9,9,10,10,9,10,9,9,8]
8a_18 8_3 [10,9,9,10,10,10,7,10,10,9]
7a_5 7_3 [10,9,9,10,10,10,9,7,9,10]
8a_6 8_7 [10,9,9,10,10,10,9,7,10,9]
7a_5 7_3 [10,9,9,10,10,10,9,9,7,10]
7a_5 7_3 [10,9,9,10,10,10,9,9,9,8]
8a_6 8_7 [10,9,9,10,10,10,9,10,7,9]
8a_6 8_7 [10,9,9,10,10,10,9,10,10,8]
7a_7 7_1 [10,9,9,10,10,10,10,7,9,10]
7a_7 7_1 [10,9,9,10,10,10,10,9,7,10]
7a_7 7_1 [10,9,9,10,10,10,10,9,9,8]
7a_4 7_2 [10,9,10,10,9,9,7,9,9,10]
7a_2 7_6 [10,9,10,10,9,9,10,7,9,10]
7a_2 7_6 [10,9,10,10,9,9,10,9,7,10]
7a_2 7_6 [10,9,10,10,9,9,10,9,9,8]
7a_4 7_2 [10,10,9,10,9,9,7,9,9,10]
7a_2 7_6 [10,10,9,10,9,9,10,7,9,10]
7a_2 7_6 [10,10,9,10,9,9,10,9,7,10]
7a_2 7_6 [10,10,9,10,9,9,10,9,9,8]
7a_4 7_2 [10,10,10,9,10,10,7,10,10,9]
7a_2 7_6 [10,10,10,9,10,10,9,7,10,9]
7a_2 7_6 [10,10,10,9,10,10,9,10,7,9]
7a_2 7_6 [10,10,10,9,10,10,9,10,10,8]
